17054720	0	0	0	0	0	0	0	0	0	0	0	0	0	0	0	0	0	0	0	0	0	1	0	0	1	0	0	0	0	0	0	1	1	0	2	0	0	1	0	0	0	0	1	0	1	1	0	1	1	1	0	0	1	0	1	0	0	2	0	0	0	1	0	1	0	0	1	0	0	1	1	1	0	0	2	0	1	0	0	1
17075353	2	2	2	2	2	2	2	2	2	2	2	2	2	2	2	2	2	2	2	2	2	0	2	1	2	2	2	2	2	2	2	1	2	2	1	2	2	1	1	1	2	1	1	1	1	2	2	0	1	2	0	2	1	1	2	2	2	2	1	2	2	2	1	1	1	2	0	2	2	2	1	2	2	2	2	2	1	2	2	1
17087656	2	2	2	2	2	2	2	2	2	2	2	2	2	2	2	1	1	2	2	1	2	0	0	0	1	2	2	2	2	2	0	1	1	1	1	1	2	1	1	1	2	1	0	1	1	2	2	0	1	2	0	1	1	1	2	2	0	2	2	1	2	2	0	1	0	2	1	0	2	1	1	1	2	0	2	2	1	2	2	1
17094749	2	2	2	2	2	2	2	2	2	2	2	2	2	2	2	2	2	1	1	2	0	1	2	2	2	2	2	2	1	2	2	2	2	2	1	2	1	1	1	2	1	1	2	1	1	2	2	2	2	1	2	2	1	2	1	1	2	1	1	2	2	2	2	2	2	2	2	2	2	2	2	2	1	2	2	2	1	2	2	2
17112342	0	0	0	0	0	0	0	0	0	0	0	0	0	0	0	0	0	0	0	0	0	0	0	0	0	0	0	0	0	0	0	0	0	0	0	0	0	0	0	1	0	0	0	0	0	1	0	0	0	0	0	0	0	1	0	0	0	0	0	0	0	0	0	0	1	0	0	0	0	1	0	0	0	0	0	0	0	0	0	0
17154984	0	0	0	0	0	0	0	0	0	0	0	0	0	0	0	0	0	0	0	0	0	0	0	0	0	0	0	0	0	0	0	0	0	0	0	0	0	0	0	1	0	0	0	0	0	1	0	0	0	0	0	0	0	1	0	0	0	0	0	0	0	0	0	0	1	0	0	0	0	0	0	0	0	0	0	0	0	0	0	0
17169522	2	2	2	2	2	2	2	2	2	2	2	2	2	2	2	2	2	2	2	2	0	2	1	1	2	1	0	1	2	2	0	1	2	1	0	2	0	1	2	2	2	2	0	2	1	1	2	1	1	1	1	1	1	1	2	1	1	2	0	1	1	2	0	2	1	2	2	0	2	1	1	2	2	2	0	0	2	2	2	2
17178586	0	0	0	0	0	0	0	0	0	0	0	0	0	0	0	0	0	0	0	0	0	0	0	0	0	0	0	0	0	0	0	0	0	0	0	0	0	0	0	0	0	0	0	0	0	0	0	0	0	0	0	0	0	0	0	0	0	0	0	0	0	0	0	0	0	0	0	0	0	0	0	0	0	0	0	0	0	0	0	0
17189718	0	0	0	0	0	0	0	0	0	0	0	0	0	0	0	0	0	0	0	0	0	0	0	0	0	0	0	0	0	0	0	0	0	0	0	0	0	0	0	0	0	0	0	0	0	0	0	0	0	0	0	0	0	0	0	0	0	0	0	0	0	0	0	0	0	0	0	0	0	0	0	0	0	0	0	0	0	0	0	0
17203103	2	2	2	2	2	2	2	2	2	2	2	2	2	2	2	2	2	1	2	2	2	2	2	1	2	1	1	1	1	2	1	1	2	0	2	2	2	2	2	1	2	2	2	1	2	1	2	1	1	2	2	2	2	0	1	2	2	2	2	1	1	2	2	2	1	2	2	0	2	2	2	2	2	2	1	1	2	1	2	2
17214252	2	2	2	2	2	2	2	2	2	2	2	2	2	2	2	2	2	1	2	2	2	2	2	1	2	1	1	1	1	2	1	1	2	1	2	2	2	2	2	2	2	2	2	1	2	2	2	2	2	2	2	2	2	2	2	2	2	2	2	1	1	2	2	2	1	2	2	0	2	2	2	2	2	2	1	1	2	2	2	2
17256231	2	2	2	2	2	2	2	2	2	2	2	2	2	2	2	2	1	0	2	2	2	2	2	0	1	1	1	0	0	2	0	0	1	0	0	2	2	0	2	0	1	0	0	2	2	0	2	1	0	0	2	1	1	0	0	2	2	2	0	0	0	2	2	2	1	2	2	0	2	0	2	1	2	1	0	0	2	0	1	2
17264565	2	2	2	2	2	2	2	2	2	2	2	2	2	2	2	2	1	1	2	2	2	2	2	2	1	0	2	0	1	2	2	0	1	0	0	0	2	0	2	2	1	1	0	2	2	2	2	1	0	0	1	0	1	1	2	2	1	2	0	0	0	1	2	2	2	2	2	1	2	0	1	0	2	1	0	0	2	2	1	2
17265124	2	2	2	2	2	2	2	2	2	2	2	2	2	2	2	2	1	1	2	2	2	2	2	2	1	0	2	0	1	2	2	0	1	1	0	2	2	2	2	2	2	2	0	2	2	2	2	1	0	0	2	0	1	1	2	2	1	2	0	0	0	2	2	2	2	2	2	1	2	0	2	0	2	1	0	0	2	2	1	2
17273728	2	2	2	2	2	2	2	2	2	2	2	2	2	2	2	0	0	0	1	1	2	0	1	1	0	1	1	0	0	2	0	0	0	0	0	2	0	1	0	1	1	0	0	1	1	0	1	0	0	0	1	0	1	0	0	2	2	2	0	1	0	2	1	2	1	0	0	0	1	1	2	1	1	0	0	0	1	0	0	1
17281931	2	2	2	2	2	2	2	2	2	2	2	2	2	2	2	1	1	1	2	1	0	2	0	0	1	0	0	1	2	0	0	1	1	0	0	1	0	2	1	0	1	1	1	0	0	2	1	0	0	0	1	0	2	1	1	1	0	0	0	2	0	0	0	0	1	1	1	2	0	0	0	1	1	1	1	0	1	1	0	1
17285949	0	0	0	0	0	0	0	0	0	0	0	0	0	0	0	1	1	0	0	1	0	0	2	1	0	2	1	0	0	2	1	0	0	1	0	1	0	0	0	2	1	0	1	2	1	0	0	0	2	0	0	0	0	0	0	0	2	1	1	0	1	2	0	2	0	1	1	0	2	2	1	1	0	0	0	1	0	0	0	0
17288988	0	0	0	0	0	0	0	0	0	0	0	0	0	0	0	0	0	0	0	0	0	0	0	0	0	0	0	0	0	0	0	0	0	0	0	0	0	0	1	0	0	0	0	0	0	0	1	0	0	0	0	0	0	0	0	0	0	0	0	0	0	0	1	0	0	0	0	0	0	0	0	0	0	0	0	0	0	0	0	0
17289118	2	2	2	2	2	2	2	2	2	2	2	2	2	2	2	2	2	2	2	2	2	2	2	2	2	2	2	2	2	2	2	2	2	1	0	2	2	2	2	2	2	2	2	2	2	2	2	0	2	0	2	0	2	2	1	2	2	2	1	2	1	2	2	2	2	2	2	2	2	2	2	2	2	2	1	1	1	2	2	1
17294251	2	2	2	2	2	2	2	2	2	2	2	2	2	2	2	1	1	1	2	1	0	2	0	0	1	1	0	1	2	0	0	1	1	1	2	1	1	2	1	1	1	1	1	0	0	2	1	2	0	2	1	2	2	1	2	1	0	0	1	2	2	1	1	0	1	1	1	2	0	0	0	1	1	1	2	2	2	1	0	2
17301217	0	0	0	0	0	0	0	0	0	0	0	0	0	0	0	1	1	1	0	1	2	0	2	1	0	1	1	1	0	2	1	1	1	1	0	1	0	0	1	1	1	1	1	2	2	0	1	0	2	0	0	0	0	0	0	1	2	2	1	0	0	1	1	2	0	1	1	0	2	2	2	1	1	1	0	0	0	0	1	0
17301843	1	1	1	1	1	1	1	1	1	1	1	1	1	1	1	2	2	2	1	2	2	2	2	1	1	2	1	1	2	2	1	2	2	2	2	1	1	1	2	2	2	2	2	2	2	1	1	2	2	2	2	2	2	1	2	2	2	2	2	2	2	2	1	2	1	2	1	2	2	2	2	2	2	2	2	2	2	1	1	1
17304246	0	0	0	0	0	0	0	0	0	0	0	0	0	0	0	1	1	1	0	1	2	0	2	1	0	1	1	1	0	2	1	1	1	2	2	1	1	0	1	2	1	1	1	2	2	0	1	2	2	1	2	2	1	0	1	1	2	2	2	0	1	1	1	2	0	1	1	0	2	2	2	1	1	1	1	1	1	0	1	1
17304887	0	0	0	0	0	0	0	0	0	0	0	0	0	0	0	1	1	1	0	1	2	0	2	1	0	1	1	1	0	2	1	1	1	1	0	1	1	0	1	1	1	1	1	2	2	0	1	0	2	0	0	0	0	0	0	1	2	2	1	0	0	1	1	2	0	1	1	0	2	2	2	1	1	1	0	0	0	0	1	0
17306104	0	0	0	0	0	0	0	0	0	0	0	0	0	0	0	0	0	0	0	0	0	0	0	0	0	0	0	0	0	0	0	0	0	1	2	0	0	0	0	0	0	0	0	0	0	0	0	2	0	0	2	1	1	0	1	0	0	0	1	0	1	0	0	0	0	0	0	0	0	0	0	0	0	0	1	1	1	0	0	1
17310741	0	0	0	0	0	0	0	0	0	0	0	0	0	0	0	1	1	1	0	1	2	0	2	1	0	1	1	1	0	2	1	1	1	2	2	1	1	0	1	1	1	1	1	1	2	1	1	1	2	0	2	0	1	0	1	1	2	2	2	0	2	1	1	2	0	1	1	0	2	2	2	1	1	1	1	2	1	0	1	1
17312596	0	0	0	0	0	0	0	0	0	0	0	0	0	0	0	1	1	1	0	1	2	0	2	1	0	1	1	1	0	2	1	1	1	1	0	1	1	0	1	1	1	1	1	1	2	1	1	0	2	0	0	0	0	0	0	1	2	2	1	0	1	1	2	2	0	1	1	0	2	2	2	1	1	1	0	1	1	0	1	0
17315102	1	1	1	1	1	1	1	1	1	1	1	1	1	1	1	1	1	1	1	1	0	2	0	0	1	1	0	0	2	0	0	1	1	0	0	0	0	1	1	0	1	1	1	1	0	1	0	0	0	1	1	0	1	1	1	1	0	0	0	2	0	1	0	0	1	1	0	2	0	0	0	1	1	1	1	0	1	1	0	0
17315503	2	2	2	2	2	2	2	2	2	2	2	2	2	2	2	2	2	1	2	2	0	2	2	1	1	2	2	1	2	2	1	2	1	2	2	2	1	2	1	1	2	1	2	2	1	1	1	2	2	2	2	2	2	1	2	1	2	1	2	2	1	2	1	2	2	2	2	2	2	2	1	2	1	1	2	1	1	1	0	2
17317233	2	2	2	2	2	2	2	2	2	2	2	2	2	2	2	2	2	1	2	2	0	2	2	1	1	2	2	1	2	2	1	2	1	2	2	2	1	2	1	1	2	1	2	2	1	1	1	2	2	2	2	2	2	1	2	1	2	1	2	2	1	2	1	2	2	2	2	2	2	2	1	2	1	1	2	1	1	1	0	2
17318150	1	1	1	1	1	1	1	1	1	1	1	1	1	1	1	1	1	0	1	1	0	0	2	1	0	1	2	1	0	2	1	1	0	2	2	2	1	1	0	1	1	0	1	1	1	0	1	2	2	1	1	2	1	0	1	0	2	1	2	0	2	1	0	2	1	1	2	0	2	2	1	1	0	0	1	2	0	0	0	2
17319156	2	2	2	2	2	2	2	2	2	2	2	2	2	2	2	2	2	1	2	2	2	2	2	1	1	2	2	1	2	2	1	2	1	2	2	2	2	2	1	1	2	1	2	2	1	1	1	2	2	2	2	2	2	1	2	2	2	1	2	2	2	2	1	2	2	2	2	2	2	2	2	2	1	1	2	2	2	1	0	2
17326181	1	1	1	1	1	1	1	1	1	1	1	1	1	1	1	1	1	0	1	1	2	0	2	1	0	1	2	1	0	2	1	1	0	2	1	2	2	1	0	1	1	0	1	1	1	0	1	2	2	1	1	2	1	0	1	1	2	1	2	0	2	1	0	2	1	1	2	0	2	2	2	1	0	0	1	2	0	0	0	2
17326432	1	1	1	1	1	1	1	1	1	1	1	1	1	1	1	1	1	1	1	1	0	2	0	0	1	1	0	0	2	0	0	1	1	0	0	0	0	1	1	0	2	1	1	1	0	1	0	0	0	1	1	0	1	1	1	1	0	0	0	2	0	1	0	0	1	1	1	2	0	0	0	1	1	1	1	0	1	1	0	0
17394989	2	2	2	2	2	2	2	2	2	2	2	2	2	2	2	1	1	1	0	2	0	1	0	0	1	2	1	0	0	0	0	0	0	0	1	0	0	1	0	0	0	0	1	0	1	1	1	0	0	0	0	0	0	0	1	1	1	0	2	0	1	1	1	1	1	2	1	1	0	0	1	0	1	1	0	1	0	0	0	1
17395610	2	2	2	2	2	2	2	2	2	2	2	2	2	2	2	0	1	1	0	1	0	0	0	0	0	1	1	0	0	0	0	0	0	0	1	0	0	1	0	0	0	0	1	0	1	0	1	0	0	0	0	0	0	0	1	0	0	0	1	0	1	1	0	1	0	1	1	0	0	0	0	0	0	1	0	1	0	0	0	1
17396612	2	2	2	2	2	2	2	2	2	2	2	2	2	2	2	0	1	1	0	1	0	0	0	0	0	1	1	0	0	0	0	0	0	0	1	0	0	1	0	0	0	0	1	0	1	0	1	0	0	0	0	0	0	0	1	0	0	0	1	0	1	1	0	1	0	1	1	0	0	0	0	0	0	1	0	1	0	0	0	1
17397875	1	1	1	1	1	1	1	1	1	1	1	1	1	1	1	1	1	1	0	1	0	0	0	0	0	1	1	0	0	0	0	0	0	0	1	0	0	1	1	0	0	0	1	0	1	0	1	0	0	0	1	1	0	0	1	0	0	0	1	0	1	1	0	0	0	1	1	0	0	0	0	0	0	1	0	0	1	0	0	1
17398508	2	2	2	2	2	2	2	2	2	2	2	2	2	2	2	1	1	2	2	1	2	0	0	1	1	1	1	2	0	0	0	0	1	0	1	1	0	1	0	0	1	0	2	0	2	0	1	1	2	0	1	1	0	0	1	1	0	0	1	1	1	1	1	1	1	1	1	1	2	2	0	1	1	1	0	1	0	0	2	1
17398800	2	2	2	2	2	2	2	2	2	2	2	2	2	2	2	2	2	2	2	1	2	1	1	2	2	2	1	2	1	2	1	0	2	2	1	1	1	2	2	1	2	1	2	1	2	0	1	2	2	1	2	2	2	2	2	1	1	1	2	2	1	1	1	1	2	2	1	2	2	2	1	2	1	1	0	1	1	1	2	1
17398812	0	0	0	0	0	0	0	0	0	0	0	0	0	0	0	1	0	1	2	0	2	0	0	1	1	0	0	2	0	0	0	0	1	0	0	1	0	0	0	0	1	0	1	0	0	0	0	1	2	0	0	0	0	0	0	1	0	0	0	1	0	0	1	0	1	0	0	1	2	2	0	1	1	0	0	0	0	0	2	0
17399211	2	2	2	2	2	2	2	2	2	2	2	2	2	2	2	2	2	2	2	2	2	1	1	2	2	2	1	2	2	2	1	0	2	2	1	1	0	2	2	1	2	1	2	2	2	1	1	2	2	1	2	2	2	2	2	2	2	1	2	2	1	1	2	1	2	2	1	2	2	2	1	2	1	1	0	1	1	1	2	1
17407349	0	0	0	0	0	0	0	0	0	0	0	0	0	0	0	1	1	0	0	0	0	0	1	1	1	1	0	0	1	2	1	0	0	2	0	0	0	1	2	1	1	1	0	2	0	1	0	1	0	0	1	1	2	2	1	1	1	0	1	1	0	0	1	0	1	0	0	1	0	0	1	1	0	0	0	0	1	1	0	0
17407566	0	0	0	0	0	0	0	0	0	0	0	0	0	0	0	1	0	1	2	0	2	1	1	1	1	0	0	2	1	0	1	0	1	0	0	1	0	0	0	0	1	0	1	0	0	0	0	1	2	0	0	0	0	0	0	1	0	0	0	1	0	0	1	0	1	1	0	1	2	2	0	1	1	0	0	0	0	0	2	0
17409897	0	0	0	0	0	0	0	0	0	0	0	0	0	0	0	0	0	1	2	0	0	1	1	1	1	0	0	1	1	0	1	0	1	0	0	0	0	0	0	0	0	0	1	0	0	0	0	0	0	0	0	0	0	0	0	0	0	0	0	1	0	0	0	0	1	1	0	1	2	1	0	1	1	0	0	0	0	0	2	0
17410373	0	0	0	0	0	0	0	0	0	0	0	0	0	0	0	1	1	0	0	0	0	0	1	1	1	1	0	0	1	2	1	0	0	2	0	0	2	1	2	1	1	2	0	2	0	1	0	1	0	0	1	1	2	2	1	1	1	0	1	1	0	0	1	0	1	0	0	1	0	0	1	1	0	0	0	0	1	1	0	0
17411899	0	0	0	0	0	0	0	0	0	0	0	0	0	0	0	1	1	0	0	0	0	0	1	1	1	1	0	0	1	0	0	0	0	1	0	0	2	1	0	1	0	2	0	1	0	1	0	1	0	0	0	0	0	2	1	1	1	0	1	1	0	0	1	0	1	0	0	1	0	0	1	1	0	0	0	0	1	1	0	0
17412216	2	2	2	2	2	2	2	2	2	2	2	2	2	2	2	1	1	2	2	1	2	1	1	1	1	1	1	2	1	0	1	0	1	0	1	1	0	1	0	1	1	0	2	0	2	0	1	1	2	0	1	1	1	0	1	1	0	0	1	1	1	1	1	1	1	2	1	1	2	2	0	1	1	1	0	1	0	1	2	1
17412806	2	2	2	2	2	2	2	2	2	2	2	2	2	2	2	2	1	2	2	2	2	2	1	1	1	2	2	1	1	1	2	2	2	1	2	1	2	1	0	1	1	1	2	1	1	2	2	0	0	0	2	2	2	1	1	2	1	2	1	1	2	2	2	2	1	2	2	1	1	1	2	1	2	2	2	2	1	2	1	2
17414103	0	0	0	0	0	0	0	0	0	0	0	0	0	0	0	1	0	1	0	0	2	1	1	0	1	0	0	1	0	0	1	0	1	0	0	0	1	0	0	1	0	1	1	0	0	0	0	0	0	0	0	0	0	0	0	1	0	0	0	0	0	1	0	0	1	1	0	1	1	0	0	0	1	0	0	0	0	0	1	0
17414640	0	0	0	0	0	0	0	0	0	0	0	0	0	0	0	1	1	0	0	0	0	0	1	0	0	1	2	1	0	0	1	1	0	1	0	0	0	0	1	0	2	1	0	0	0	1	1	2	0	1	0	0	0	1	0	1	0	1	0	0	0	0	0	2	1	0	1	0	1	2	1	2	0	0	0	1	0	2	1	1
17415572	0	0	0	0	0	0	0	0	0	0	0	0	0	0	0	0	0	0	0	1	0	0	0	1	0	1	0	0	0	0	0	0	0	0	0	0	0	0	0	1	0	0	0	1	0	0	0	0	2	0	0	0	0	0	0	0	1	0	0	0	1	0	0	0	0	0	0	0	0	0	1	0	1	1	2	0	0	0	0	1
17427037	0	0	0	0	0	0	0	0	0	0	0	0	0	0	0	1	0	0	0	1	0	0	0	1	0	1	0	0	0	0	0	0	0	0	0	1	1	0	0	1	0	1	0	1	0	0	0	0	2	0	0	0	0	0	0	0	1	0	0	0	1	0	0	0	0	0	0	0	0	0	1	0	1	1	2	0	0	0	0	1
17429384	0	0	0	0	0	0	0	0	0	0	0	0	0	0	0	0	0	0	0	0	2	1	2	1	1	0	0	1	2	1	1	0	1	1	1	2	1	0	0	1	1	1	1	0	1	0	1	1	0	0	1	2	2	0	0	1	0	0	1	0	0	1	0	0	0	1	0	1	1	0	0	0	1	0	1	0	2	0	1	0
17429434	0	0	0	0	0	0	0	0	0	0	0	0	0	0	0	0	0	0	0	0	2	1	2	0	1	0	0	1	0	0	1	0	1	0	0	0	0	0	0	1	1	1	1	0	0	0	0	0	0	0	0	0	0	0	0	1	0	0	0	0	0	1	0	0	0	1	0	0	1	0	0	0	1	0	1	0	0	0	1	0
17433210	1	1	1	1	1	1	1	1	1	1	1	1	1	1	1	1	1	0	0	0	0	0	0	0	0	1	2	1	0	0	1	1	1	1	0	0	1	1	1	1	1	0	1	0	0	1	1	1	1	0	1	0	0	1	1	1	0	2	0	0	1	1	0	2	2	0	1	0	1	2	1	2	0	1	0	2	0	2	1	1
17433888	0	0	0	0	0	0	0	0	0	0	0	0	0	0	0	0	0	0	0	0	0	0	0	0	0	0	0	0	0	0	0	0	0	0	0	0	0	0	0	0	0	1	0	0	0	0	0	0	0	0	0	0	0	0	0	0	0	0	0	0	0	0	0	0	0	0	0	0	0	0	0	0	0	0	0	0	0	0	0	0
17434084	1	1	1	1	1	1	1	1	1	1	1	1	1	1	1	2	1	0	0	1	2	1	2	2	1	2	2	2	2	1	2	1	2	2	1	2	2	1	1	2	2	2	2	1	1	2	2	2	2	0	2	2	2	1	1	2	1	2	1	0	2	2	2	2	2	1	1	1	2	2	2	2	2	2	2	2	2	2	2	2
17436846	1	1	1	1	1	1	1	1	1	1	1	1	1	1	1	2	1	0	0	0	2	1	2	0	1	1	2	2	0	0	2	1	2	1	0	2	2	1	1	2	2	2	2	0	0	1	1	1	1	0	1	0	0	1	1	2	0	2	0	0	1	2	0	2	2	1	1	0	2	2	1	2	0	1	1	2	0	2	1	1
17442154	0	0	0	0	0	0	0	0	0	0	0	0	0	0	0	0	0	0	0	1	0	0	0	1	0	1	0	0	0	0	0	0	0	0	0	0	0	0	0	0	0	0	0	1	0	0	0	0	0	0	0	0	0	0	0	0	1	0	0	0	1	0	0	0	0	0	0	0	0	0	1	0	1	1	1	0	0	0	0	1
17443131	0	0	0	0	0	0	0	0	0	0	0	0	0	0	0	0	0	0	0	0	0	0	0	1	0	0	0	0	2	1	0	0	0	1	1	0	0	0	0	0	0	0	0	0	1	1	1	0	1	0	1	1	2	0	0	0	0	0	1	0	0	0	2	0	0	0	0	1	0	0	0	0	1	0	0	0	2	0	1	0
17445502	1	1	1	1	1	1	1	1	1	1	1	1	1	1	1	2	1	0	0	1	2	1	2	1	1	2	2	2	0	0	2	1	2	1	0	2	2	1	1	2	2	1	2	1	0	1	1	2	1	0	1	0	0	1	1	2	1	2	0	0	2	2	0	2	2	1	1	0	2	2	2	2	1	2	2	2	0	2	1	2
17446157	0	0	0	0	0	0	0	0	0	0	0	0	0	0	0	0	0	0	0	0	0	0	0	0	0	0	0	0	0	0	0	1	0	0	0	0	0	0	0	0	0	0	0	0	0	0	0	0	0	0	0	0	0	0	0	0	0	0	0	0	0	0	0	0	0	0	0	0	0	0	0	0	0	0	0	0	0	0	0	0
17446914	0	0	0	0	0	0	0	0	0	0	0	0	0	0	0	0	0	0	0	0	0	0	0	1	0	0	0	0	2	1	0	0	0	1	1	0	0	0	0	0	0	0	0	0	1	1	1	0	1	0	1	1	2	0	0	0	0	0	1	0	0	0	2	0	0	0	0	1	0	0	0	0	1	0	0	0	2	0	1	0
17452966	1	1	1	1	1	1	1	1	1	1	1	1	1	1	1	2	1	0	0	2	2	1	2	2	1	2	2	2	2	1	2	1	2	2	1	2	2	1	1	2	2	2	2	1	2	2	2	2	2	0	2	1	2	2	1	2	1	2	1	0	2	2	2	2	2	1	1	1	2	2	2	2	2	2	2	2	2	2	2	2
17462185	1	1	1	1	1	1	1	1	1	1	1	1	1	1	1	1	1	0	0	1	2	1	2	2	1	2	2	2	2	1	2	1	2	2	1	2	2	1	0	2	2	2	2	1	1	2	2	2	2	0	2	1	2	1	1	1	1	2	1	0	2	2	2	2	2	1	1	1	1	2	2	2	2	2	2	2	2	2	2	2
17467411	0	0	0	0	0	0	0	0	0	0	0	0	0	0	0	0	0	0	0	0	0	0	0	1	0	1	0	0	0	0	0	0	0	0	0	0	0	0	0	0	0	1	0	1	0	0	0	0	0	0	0	0	0	0	0	0	1	0	0	0	1	0	0	0	0	0	0	0	0	0	1	0	1	0	1	0	0	0	0	1
17467684	0	0	0	0	0	0	0	0	0	0	0	0	0	0	0	0	0	0	0	0	0	0	0	1	0	1	0	0	0	0	0	0	0	0	0	0	0	0	0	0	0	1	0	1	0	0	0	0	0	0	0	0	0	0	0	0	1	0	0	0	1	0	0	0	0	0	0	0	0	0	1	0	1	0	1	0	0	0	0	1
17470779	0	0	0	0	0	0	0	0	0	0	0	0	0	0	0	0	0	0	0	0	0	0	0	0	0	0	0	0	2	1	0	0	0	1	1	0	0	0	0	0	0	0	0	0	1	0	1	0	1	0	1	1	2	0	0	0	0	0	1	0	0	0	2	0	0	0	0	1	0	0	0	0	1	0	0	0	2	0	1	0
17488195	1	1	1	1	1	1	1	1	1	1	1	1	1	1	1	1	1	0	0	1	0	0	0	0	0	1	2	1	0	0	1	1	1	1	0	1	1	1	1	1	1	0	1	0	0	2	1	2	1	0	1	0	0	1	1	1	0	2	0	0	1	1	0	2	2	0	1	0	1	2	1	2	0	2	0	2	0	2	1	1
17489577	0	0	0	0	0	0	0	0	0	0	0	0	0	0	0	0	0	0	0	1	0	0	0	0	0	0	0	0	0	0	1	0	0	0	0	1	1	0	1	0	0	0	0	1	1	0	0	1	0	0	1	0	0	1	0	0	0	0	0	0	1	0	0	0	1	0	0	0	0	0	0	0	0	0	0	0	0	0	1	1
17489890	0	0	0	0	0	0	0	0	0	0	0	0	0	0	0	0	0	0	0	0	0	0	0	1	0	1	0	0	0	0	0	0	0	0	0	0	0	0	0	0	0	0	0	1	0	0	0	0	0	0	0	0	0	0	0	0	0	0	0	0	0	0	0	0	0	0	0	0	0	0	1	0	1	0	2	0	0	0	0	1
17490932	1	1	1	1	1	1	1	1	1	1	1	1	1	1	1	1	2	0	0	2	2	2	0	2	1	2	0	1	1	2	1	2	1	0	2	1	2	2	1	2	2	2	1	1	1	2	1	2	2	1	1	2	1	2	2	2	1	1	1	0	2	2	1	1	2	1	2	0	2	2	1	2	2	2	2	2	2	2	2	2
17492203	0	0	0	0	0	0	0	0	0	0	0	0	0	0	0	1	1	0	0	2	2	2	0	1	1	2	0	1	0	0	1	1	1	0	2	1	2	2	1	1	0	1	1	1	1	2	0	1	0	1	1	2	0	1	1	2	0	1	1	0	2	1	0	1	2	1	1	0	2	2	0	2	1	2	0	2	1	2	1	1
17492452	1	1	1	1	1	1	1	1	1	1	1	1	1	1	1	0	1	0	0	0	0	0	0	1	0	0	2	0	1	2	0	1	0	1	0	0	0	0	0	1	2	1	0	0	0	0	1	1	2	0	0	0	1	1	1	0	1	0	0	0	0	1	1	1	0	0	1	1	0	0	1	0	1	0	2	0	1	0	1	1
17493293	1	1	1	1	1	1	1	1	1	1	1	1	1	1	1	1	2	1	2	2	2	2	1	2	2	2	2	1	1	2	1	2	1	1	2	1	2	2	1	2	2	2	1	1	1	2	1	2	2	1	1	2	1	2	2	2	1	1	2	2	2	2	1	2	2	2	2	1	2	2	1	2	2	2	2	2	2	2	2	2
17493708	2	2	2	2	2	2	2	2	2	2	2	2	2	2	2	1	2	1	0	2	0	2	1	2	0	2	2	0	1	2	1	2	1	1	1	2	2	2	1	2	0	2	1	2	1	2	1	2	1	1	2	0	1	2	2	1	1	2	2	1	1	2	1	2	2	2	2	1	2	2	1	2	2	2	2	2	2	1	2	2
17493792	1	1	1	1	1	1	1	1	1	1	1	1	1	1	1	1	2	0	0	1	0	2	0	2	0	1	2	0	1	2	0	2	1	1	1	0	1	0	1	1	0	1	1	1	1	2	1	1	1	1	1	1	0	1	2	1	0	1	2	1	1	2	1	2	2	2	2	1	2	1	1	2	2	2	1	2	1	1	1	2
17494101	0	0	0	0	0	0	0	0	0	0	0	0	0	0	0	0	0	0	0	0	0	0	0	0	0	0	0	0	0	0	0	0	1	0	0	0	0	0	0	0	0	0	0	0	0	0	0	0	0	0	0	0	0	0	1	0	1	0	0	0	0	0	0	1	0	0	0	0	0	0	0	0	0	0	0	0	0	0	0	0
17494547	1	1	1	1	1	1	1	1	1	1	1	1	1	1	1	1	1	0	0	0	0	0	0	2	0	0	0	0	1	2	0	1	0	0	0	0	0	0	0	1	0	1	1	0	0	0	0	1	0	1	1	1	0	1	1	0	0	0	1	0	0	2	0	0	1	2	0	1	1	1	1	1	0	1	1	1	0	0	0	0
17524203	1	1	1	1	1	1	1	1	1	1	1	1	1	1	1	0	0	0	0	0	0	0	0	0	0	1	0	0	0	0	0	0	0	0	0	0	1	0	0	0	0	0	0	0	1	1	0	0	0	0	0	0	0	1	1	0	1	0	0	0	0	0	0	1	0	0	0	0	0	0	0	0	0	0	0	0	0	0	0	1
17525584	1	1	1	1	1	1	1	1	1	1	1	1	1	1	1	1	2	1	0	1	0	1	1	2	0	0	0	0	1	2	1	2	1	0	0	1	0	0	0	1	0	1	1	2	0	1	0	2	1	1	2	2	0	1	1	1	0	2	1	0	0	2	0	0	1	2	1	1	1	1	1	2	1	1	2	2	0	1	1	0
17525970	1	1	1	1	1	1	1	1	1	1	1	1	1	1	1	1	2	1	0	1	0	1	1	2	0	0	0	0	1	2	1	2	1	0	0	1	0	0	0	1	0	1	1	2	0	1	0	2	1	0	2	0	0	1	1	1	0	2	1	0	0	2	0	0	1	2	1	1	1	1	1	2	1	1	2	2	0	1	1	0
17529814	1	1	1	1	1	1	1	1	1	1	1	1	1	1	1	1	2	1	0	1	0	2	1	2	0	0	0	0	1	2	1	2	1	0	1	1	1	0	0	1	0	1	1	2	0	1	0	2	1	1	2	2	0	1	1	1	0	2	2	0	0	2	0	1	1	2	2	1	2	1	1	2	2	1	2	2	2	1	1	1
17541673	1	1	1	1	1	1	1	1	1	1	1	1	1	1	1	0	0	0	0	0	0	1	0	0	0	1	0	0	0	0	0	0	0	0	1	0	1	0	0	0	0	0	0	0	1	1	0	0	0	1	0	2	0	1	1	0	1	0	1	0	0	0	0	2	0	0	1	0	1	0	0	0	1	0	0	0	1	0	0	2
17545859	0	0	0	0	0	0	0	0	0	0	0	0	0	0	0	0	0	0	0	1	0	0	0	0	0	1	2	0	0	0	0	0	0	1	0	1	0	0	1	0	0	1	0	0	0	0	1	0	0	0	0	0	1	0	0	0	0	0	0	0	1	0	0	0	1	0	0	0	0	1	0	0	0	1	0	0	0	0	0	0
17549526	2	2	2	2	2	2	2	2	2	2	2	2	2	2	2	1	2	1	0	2	0	2	1	2	0	2	2	0	1	2	1	2	1	1	1	1	2	0	1	1	0	1	1	2	1	2	1	2	1	1	2	2	1	2	2	1	1	2	2	0	1	2	0	2	2	2	2	1	2	2	1	2	2	2	2	2	2	1	1	2
17557144	2	2	2	2	2	2	2	2	2	2	2	2	2	2	2	1	2	1	0	2	0	2	1	2	0	2	2	0	1	2	1	2	1	1	1	1	2	0	1	1	0	1	1	2	1	2	1	2	1	1	2	2	1	2	2	1	1	2	2	0	1	2	0	2	2	2	2	1	2	2	1	2	2	2	2	2	1	1	1	2
17567699	1	1	1	1	1	1	1	1	1	1	1	1	1	1	1	1	2	1	0	2	0	1	1	2	0	1	2	0	1	2	1	2	1	1	0	0	0	0	1	1	0	0	1	2	0	1	1	2	1	0	2	0	1	1	1	1	0	2	1	0	1	2	0	0	1	2	1	1	1	2	1	2	1	2	2	2	0	1	1	0
17575800	0	0	0	0	0	0	0	0	0	0	0	0	0	0	0	0	0	0	0	1	0	0	0	1	0	0	2	0	0	1	0	1	0	1	0	1	0	0	1	0	0	1	0	0	0	0	0	0	0	0	0	1	1	0	0	1	0	0	0	0	1	0	0	0	0	0	0	0	0	0	0	1	0	0	0	1	1	0	1	0
17580394	0	0	0	0	0	0	0	0	0	0	0	0	0	0	0	1	1	0	0	0	0	0	0	0	0	0	0	1	2	0	0	0	1	0	0	0	1	0	2	0	0	0	0	0	1	1	0	1	0	0	1	0	0	0	0	0	0	0	1	0	1	1	0	0	0	0	1	1	0	0	2	1	0	0	1	0	0	0	0	0
17580813	1	1	1	1	1	1	1	1	1	1	1	1	1	1	1	0	2	1	0	1	0	1	2	0	1	1	0	1	2	1	0	0	1	0	1	0	1	0	1	0	0	0	0	1	2	2	2	1	0	0	1	1	0	2	2	1	0	1	2	1	0	1	2	2	1	0	2	0	0	0	1	1	0	0	2	0	1	0	0	1
17585441	1	1	1	1	1	1	1	1	1	1	1	1	1	1	1	1	0	2	0	0	0	2	0	0	0	1	1	0	0	0	0	0	1	1	1	1	1	0	2	0	0	0	1	1	1	0	0	0	0	1	0	0	0	2	1	1	0	1	1	1	0	2	1	2	1	0	1	2	0	1	0	0	0	1	1	0	1	1	0	2
17586471	1	1	1	1	1	1	1	1	1	1	1	1	1	1	1	2	2	2	2	2	0	2	2	1	0	2	1	2	2	2	1	1	1	1	2	2	2	2	2	1	2	2	1	2	2	1	2	1	1	1	2	2	0	2	1	1	2	2	1	2	2	2	2	2	2	2	1	2	1	1	1	2	2	2	1	2	2	1	0	2
17587680	1	1	1	1	1	1	1	1	1	1	1	1	1	1	1	0	1	0	0	0	0	1	0	0	0	1	1	0	2	2	0	0	1	0	1	1	0	0	0	0	1	1	1	0	1	0	2	1	0	1	1	1	0	1	0	0	2	1	1	1	1	0	0	1	1	1	1	0	0	0	1	1	2	1	1	1	0	0	0	1
17587975	0	0	0	0	0	0	0	0	0	0	0	0	0	0	0	1	1	2	2	2	0	1	2	1	0	1	0	1	0	0	1	0	0	1	1	0	1	0	2	0	0	1	0	2	1	1	0	0	0	1	0	0	0	1	0	1	0	1	0	1	1	2	2	1	1	1	0	2	1	1	0	1	0	1	0	1	2	1	0	1
17589209	0	0	0	0	0	0	0	0	0	0	0	0	0	0	0	1	0	2	0	0	0	2	1	0	0	1	0	0	0	0	0	0	0	1	2	1	0	0	2	0	1	2	1	1	1	0	0	0	0	1	0	0	0	1	0	1	0	0	0	1	0	2	1	1	1	0	0	2	0	1	0	0	0	1	0	0	2	1	0	1
17589246	0	0	0	0	0	0	0	0	0	0	0	0	0	0	0	0	1	0	2	2	0	0	1	1	0	0	0	1	0	0	1	0	0	0	0	0	1	0	0	0	0	0	0	1	0	1	0	0	0	0	0	0	0	0	0	0	0	1	0	0	1	0	1	0	0	1	0	0	1	0	0	1	0	0	0	1	0	0	0	0
17593685	1	1	1	1	1	1	1	1	1	1	1	1	1	1	1	1	2	1	2	2	0	2	2	1	0	2	2	2	2	2	1	0	1	1	2	2	2	2	1	1	2	2	2	2	2	2	2	1	1	0	2	2	0	2	0	1	2	2	1	2	2	2	2	2	1	2	2	2	1	1	2	2	2	1	1	2	2	0	0	2
17594915	0	0	0	0	0	0	0	0	0	0	0	0	0	0	0	0	2	1	2	2	0	2	2	1	0	2	0	2	2	2	1	0	0	1	1	0	1	0	1	0	0	1	1	2	2	2	1	1	0	0	1	1	0	1	0	1	1	1	0	2	2	2	2	1	1	2	0	2	1	1	1	2	2	1	0	2	2	0	0	1
17597462	0	0	0	0	0	0	0	0	0	0	0	0	0	0	0	0	0	0	0	0	0	0	0	0	0	0	1	0	0	0	0	0	0	0	1	1	0	2	0	1	2	1	1	0	0	0	0	0	1	0	1	1	0	0	0	0	0	0	0	0	0	0	0	0	0	0	1	0	0	0	1	0	0	0	0	0	0	0	0	0
17603801	0	0	0	0	0	0	0	0	0	0	0	0	0	0	0	1	2	0	2	1	0	1	2	1	0	2	1	1	2	2	1	1	0	0	0	0	1	0	0	0	0	1	0	1	1	1	1	2	0	1	1	1	1	0	0	0	1	1	0	1	2	1	1	0	1	2	0	0	1	0	1	2	2	2	0	2	1	0	0	1
17605824	1	1	1	1	1	1	1	1	1	1	1	1	1	1	1	2	2	1	2	2	0	2	2	1	0	2	2	1	2	2	1	1	1	0	2	2	2	2	1	1	2	2	2	2	2	2	2	2	1	2	2	2	1	2	1	1	2	2	2	2	2	2	2	2	1	2	2	2	1	1	2	2	2	2	1	2	2	0	0	2
17611515	0	0	0	0	0	0	0	0	0	0	0	0	0	0	0	0	1	0	0	0	0	0	0	0	0	1	1	0	2	2	0	1	0	0	1	1	1	2	0	1	2	1	1	0	1	0	2	2	1	1	2	2	1	0	0	0	1	0	0	1	1	0	0	0	1	0	1	0	0	0	2	1	1	2	0	1	0	0	0	0
17615213	1	1	1	1	1	1	1	1	1	1	1	1	1	1	1	1	0	1	0	1	0	1	0	0	0	0	1	1	0	0	0	0	1	0	1	0	1	0	1	0	0	1	1	1	1	1	0	1	0	2	1	1	1	2	1	1	1	1	2	1	0	1	1	2	0	0	2	2	0	1	1	0	0	0	1	0	1	0	0	1
17616217	0	0	0	0	0	0	0	0	0	0	0	0	0	0	0	0	1	0	0	0	0	0	0	0	0	1	1	0	2	2	0	1	0	0	1	1	0	2	0	1	2	1	1	0	1	0	2	1	1	1	1	1	0	0	0	0	1	0	0	1	1	0	0	0	1	0	0	0	0	0	1	1	1	2	0	1	0	0	0	0
17618142	1	1	1	1	1	1	1	1	1	1	1	1	1	1	1	1	1	0	2	1	0	1	2	2	0	0	1	0	0	0	1	0	1	0	0	1	2	0	0	0	0	1	0	1	0	1	0	0	0	0	1	0	0	1	0	0	1	2	1	0	1	1	2	1	0	2	0	0	1	0	0	1	1	0	1	1	1	0	0	0
17619292	0	0	0	0	0	0	0	0	0	0	0	0	0	0	0	1	0	1	0	1	0	1	0	0	0	1	0	1	0	0	0	0	0	0	1	0	0	0	1	0	0	0	1	1	1	1	0	0	0	0	0	0	0	1	1	1	0	0	1	1	0	1	0	1	0	0	1	2	0	1	0	0	0	0	0	0	1	0	0	2
17620130	0	0	0	0	0	0	0	0	0	0	0	0	0	0	0	0	0	0	0	0	0	0	0	0	0	0	0	0	0	0	0	0	0	0	0	0	0	0	0	0	0	0	0	0	0	0	0	1	0	1	0	0	1	0	0	0	0	0	0	0	0	0	0	0	0	0	0	0	0	0	0	0	0	0	0	0	0	0	0	0
17621704	0	0	0	0	0	0	0	0	0	0	0	0	0	0	0	1	1	0	2	0	0	1	2	2	0	0	0	0	0	0	1	0	0	0	0	0	1	0	0	0	0	0	0	1	0	1	0	0	0	0	0	0	0	0	0	0	0	1	0	0	1	1	1	0	0	2	0	0	1	0	0	1	1	0	0	1	1	0	0	0
17622267	0	0	0	0	0	0	0	0	0	0	0	0	0	0	0	0	0	0	0	0	0	0	0	0	0	0	0	0	0	0	0	0	0	0	0	0	0	0	0	0	0	0	0	0	0	0	0	1	0	1	0	1	1	0	0	0	0	0	0	0	0	0	0	0	0	0	1	0	0	0	1	0	0	0	0	0	0	0	0	0
17626665	1	1	1	1	1	1	1	1	1	1	1	1	1	1	1	2	2	1	2	2	0	2	2	2	0	2	2	1	2	2	1	1	1	0	2	2	2	2	1	1	2	2	2	2	2	2	2	2	1	2	1	2	1	2	0	1	2	2	2	2	2	2	2	2	1	2	2	2	0	1	2	2	2	2	1	2	1	0	0	2
17630486	1	1	1	1	1	1	1	1	1	1	1	1	1	1	1	1	1	1	0	1	0	1	0	0	0	2	2	1	2	2	0	0	1	0	2	1	1	2	1	1	2	2	2	1	2	2	2	2	1	2	1	1	1	2	1	1	2	1	2	2	1	1	1	2	1	0	1	2	0	1	1	1	1	2	1	1	0	0	0	1
17643546	1	1	1	1	1	1	1	1	1	1	1	1	1	1	1	2	2	1	2	2	0	2	2	2	1	2	2	1	2	2	1	1	1	0	2	2	2	2	1	1	2	2	2	2	2	2	2	2	1	2	1	2	1	2	1	1	2	2	2	2	2	2	2	2	1	2	2	2	0	1	2	2	2	2	1	2	1	0	1	2
17647862	1	1	1	1	1	1	1	1	1	1	1	1	1	1	1	0	1	0	1	0	0	0	1	1	1	1	2	0	0	2	0	0	1	0	1	1	0	2	0	1	2	2	2	0	0	1	1	2	1	2	1	1	1	0	0	0	1	1	1	0	0	0	1	1	1	0	1	0	0	0	0	0	1	0	1	2	0	0	0	0
17649774	1	1	1	1	1	1	1	1	1	1	1	1	1	1	1	1	2	1	2	1	0	1	2	2	0	1	2	0	2	2	1	1	1	0	2	2	2	2	0	1	2	2	2	2	2	1	2	2	1	2	2	2	1	1	0	0	1	1	1	2	2	1	2	1	1	2	2	1	0	0	2	1	2	2	1	2	1	0	0	1
17656724	0	0	0	0	0	0	0	0	0	0	0	0	0	0	0	0	1	0	1	0	0	0	1	1	0	1	0	0	1	2	0	0	0	0	2	1	1	2	0	1	1	1	2	0	0	1	1	1	1	1	2	1	1	0	0	0	2	0	0	0	0	0	0	0	1	0	0	0	0	0	1	0	1	1	0	2	0	0	0	0
17658341	0	0	0	0	0	0	0	0	0	0	0	0	0	0	0	2	1	1	1	1	0	2	1	1	0	1	1	1	1	0	1	1	0	0	0	1	0	0	1	0	0	0	0	2	2	1	1	1	1	1	0	0	0	2	1	1	0	1	1	1	2	2	1	1	0	2	0	2	0	1	1	2	1	1	0	0	1	0	1	2
17663117	0	0	0	0	0	0	0	0	0	0	0	0	0	0	0	2	1	1	1	0	0	1	1	2	0	0	1	0	2	0	1	1	0	0	0	0	1	0	0	0	0	0	0	2	2	0	1	0	0	0	0	0	0	1	0	0	1	0	0	1	2	1	1	0	0	1	0	1	0	0	1	0	1	2	0	0	1	0	0	1
17665413	1	1	1	1	1	1	1	1	1	1	1	1	1	1	1	2	2	1	2	2	0	2	2	2	0	2	2	1	2	2	1	1	1	0	2	2	2	2	1	1	2	2	2	2	2	2	2	2	2	2	2	2	1	2	1	1	2	2	2	1	2	2	2	2	1	2	2	2	0	2	2	2	2	2	1	2	1	0	1	2
17669306	1	1	1	1	1	1	1	1	1	1	1	1	1	1	1	0	0	0	0	2	0	1	0	0	0	1	0	0	1	0	0	0	0	0	1	1	2	0	1	0	2	1	0	1	1	1	0	1	1	1	0	1	0	2	1	1	0	2	2	0	0	1	1	2	1	0	0	2	0	2	1	0	0	0	1	0	0	0	1	1
17670256	1	1	1	1	1	1	1	1	1	1	1	1	1	1	1	2	1	1	2	0	0	1	2	1	1	0	1	1	1	0	1	2	0	0	2	1	1	1	1	1	2	2	2	2	2	0	1	2	2	1	2	2	1	0	0	0	2	1	0	0	2	1	1	0	0	1	1	0	0	0	1	1	2	1	0	1	1	1	1	0
17674117	1	1	1	1	1	1	1	1	1	1	1	1	1	1	1	0	1	0	0	1	0	1	0	1	0	2	1	0	1	2	0	0	0	0	0	0	0	0	1	0	0	0	0	0	0	1	1	0	0	0	0	0	0	1	1	1	0	1	2	1	0	1	0	1	1	1	1	2	0	1	1	1	0	0	0	0	0	0	0	1
17675900	0	0	0	0	0	0	0	0	0	0	0	0	0	0	0	1	1	1	1	2	0	1	0	1	1	0	2	0	0	0	1	0	0	0	1	2	1	2	0	1	2	1	1	2	1	0	2	2	1	1	1	2	1	1	0	0	1	2	1	0	2	1	2	0	1	2	0	0	0	1	1	1	0	0	1	0	0	1	0	0
17676590	0	0	0	0	0	0	0	0	0	0	0	0	0	0	0	1	1	1	0	1	0	0	0	1	1	0	1	0	0	0	1	0	0	0	0	0	0	1	0	0	0	1	0	0	1	0	1	2	0	0	0	0	0	0	0	0	0	0	1	0	1	0	1	0	1	1	0	0	0	0	1	1	0	0	0	0	0	1	0	0
17677699	0	0	0	0	0	0	0	0	0	0	0	0	0	0	0	1	2	2	1	2	0	1	0	1	1	0	2	1	1	0	1	0	1	0	0	2	2	1	1	1	2	1	1	2	1	1	2	2	2	2	2	2	2	1	0	0	1	2	1	1	1	1	2	0	2	2	0	0	1	1	1	1	0	2	1	0	1	1	1	0
17680519	2	2	2	2	2	2	2	2	2	2	2	2	2	2	2	1	0	1	2	0	2	2	2	1	1	2	0	1	1	2	1	2	1	2	2	0	0	1	1	1	0	1	1	0	1	1	0	0	0	0	0	0	0	1	2	1	1	0	1	1	1	1	0	2	0	1	2	2	1	1	0	1	2	0	1	2	1	0	1	2
17682165	0	0	0	0	0	0	0	0	0	0	0	0	0	0	0	0	1	0	0	1	0	0	0	0	0	0	0	1	0	0	0	0	1	0	0	0	0	0	0	0	0	0	0	0	0	1	0	0	1	1	1	0	1	1	0	0	0	0	0	0	0	0	0	0	1	0	0	0	1	1	0	0	0	1	0	0	0	1	0	0
17682294	2	2	2	2	2	2	2	2	2	2	2	2	2	2	2	1	1	2	2	1	2	2	2	1	1	2	1	2	1	2	1	2	2	2	2	1	2	1	2	1	0	1	2	2	1	2	1	0	2	1	1	0	1	2	2	1	2	1	1	0	1	2	1	2	1	1	2	2	2	2	1	1	2	1	2	2	2	1	2	2
17688402	0	0	0	0	0	0	0	0	0	0	0	0	0	0	0	1	1	0	1	1	0	0	0	1	1	0	1	0	0	0	0	0	0	0	0	0	0	1	0	0	0	1	0	0	0	0	1	2	1	0	0	0	0	0	0	0	0	0	0	1	1	0	1	0	1	0	0	0	0	0	0	1	0	0	0	0	0	1	0	0
17697781	0	0	0	0	0	0	0	0	0	0	0	0	0	0	0	2	2	1	2	2	0	1	1	2	1	1	2	1	0	2	0	0	1	0	1	2	1	2	1	1	1	2	2	2	1	1	1	1	1	2	2	2	2	2	1	0	1	2	0	1	2	2	2	0	1	1	1	0	0	1	0	1	1	1	1	0	1	1	0	0
17700284	0	0	0	0	0	0	0	0	0	0	0	0	0	0	0	2	2	1	2	2	0	1	1	2	1	1	2	1	0	2	0	0	1	0	1	2	2	2	1	1	1	2	2	2	1	1	1	1	1	2	2	2	2	2	1	0	1	2	0	1	1	2	2	0	2	1	1	0	0	1	0	1	1	1	1	0	1	1	0	0
17705622	0	0	0	0	0	0	0	0	0	0	0	0	0	0	0	2	2	0	2	2	0	1	1	2	1	1	2	1	0	1	0	0	1	0	1	1	0	2	1	1	0	2	2	2	1	1	1	1	1	2	2	1	2	2	1	0	1	0	0	1	1	1	2	0	2	1	0	0	0	1	0	1	1	0	1	0	0	0	0	0
17705808	1	1	1	1	1	1	1	1	1	1	1	1	1	1	1	2	2	1	2	2	0	2	1	2	2	2	2	1	1	1	0	1	2	2	2	1	0	2	2	1	1	2	2	2	2	2	2	1	1	2	2	1	2	2	1	0	1	0	1	1	1	1	2	1	2	1	0	2	0	1	1	1	2	1	1	1	1	1	1	2
17710860	0	0	0	0	0	0	0	0	0	0	0	0	0	0	0	0	2	0	0	0	0	0	0	1	0	0	1	0	0	0	0	0	0	0	0	0	0	0	1	0	0	1	0	0	1	0	0	0	0	0	1	1	1	1	0	0	0	0	0	0	1	0	2	0	1	0	0	0	0	0	0	0	1	0	0	0	0	0	0	0
17712611	0	0	0	0	0	0	0	0	0	0	0	0	0	0	0	2	0	2	2	2	0	1	1	1	1	1	1	0	0	2	0	0	1	0	1	2	1	2	0	1	1	2	2	2	0	1	1	2	2	2	1	1	2	2	2	0	1	1	1	1	0	2	0	0	1	0	1	0	2	2	0	1	1	0	0	0	1	1	0	0
17718119	2	2	2	2	2	2	2	2	2	2	2	2	2	2	2	1	1	0	2	1	2	1	2	1	1	0	1	1	1	0	1	1	1	1	0	0	0	0	1	1	1	0	1	0	1	2	1	0	2	1	1	0	2	0	2	1	0	0	1	1	2	0	2	1	0	2	2	2	0	1	1	2	0	2	2	2	2	1	0	2
17718606	0	0	0	0	0	0	0	0	0	0	0	0	0	0	0	0	0	0	0	0	0	0	0	0	0	0	0	0	0	0	0	0	0	1	1	0	2	0	0	1	0	0	0	0	0	0	0	2	0	2	1	0	1	1	0	0	0	1	0	1	0	1	0	0	0	1	0	0	0	0	0	0	0	0	0	0	1	0	0	0
17722536	1	1	1	1	1	1	1	1	1	1	1	1	1	1	1	1	1	0	1	2	1	1	1	0	1	1	2	1	1	2	2	1	1	2	2	0	2	2	0	0	1	1	1	1	0	2	0	2	2	2	1	2	2	1	0	2	2	1	1	1	1	0	2	0	1	1	2	2	0	1	1	2	1	0	1	2	2	2	0	0
17722885	0	0	0	0	0	0	0	0	0	0	0	0	0	0	0	0	0	0	0	0	0	0	0	0	0	0	0	0	0	0	0	0	1	1	2	0	0	1	0	0	0	1	1	0	0	0	0	2	0	1	0	0	0	0	0	0	0	0	0	1	0	0	0	0	0	0	0	0	0	0	0	0	0	0	0	0	0	0	0	0
17724093	1	1	1	1	1	1	1	1	1	1	1	1	1	1	1	0	0	0	1	0	1	0	1	0	1	0	1	1	1	0	0	1	0	2	1	1	1	0	1	1	1	1	1	0	1	0	1	1	0	1	1	0	1	0	0	2	0	0	0	0	0	0	1	0	1	1	2	1	0	0	1	2	0	0	1	2	0	1	0	1
17729044	0	0	0	0	0	0	0	0	0	0	0	0	0	0	0	0	0	0	1	1	0	0	0	0	0	1	0	0	1	0	1	1	1	1	0	0	1	1	1	0	1	1	0	1	0	1	0	0	0	0	1	0	0	0	0	0	1	2	0	0	0	0	0	1	0	0	1	1	1	1	1	0	0	0	0	1	0	0	1	0
17731977	0	0	0	0	0	0	0	0	0	0	0	0	0	0	0	0	0	0	1	0	0	0	1	1	0	0	1	0	0	0	0	0	1	1	1	0	0	0	0	0	1	0	0	1	1	1	0	0	0	0	0	0	1	0	1	0	0	0	0	1	0	1	0	0	0	0	0	0	1	0	0	0	1	1	0	0	0	0	0	0
17733896	0	0	0	0	0	0	0	0	0	0	0	0	0	0	0	0	0	0	1	0	0	0	1	1	0	0	1	0	0	0	0	0	1	1	1	0	0	0	0	0	0	0	0	0	0	1	0	0	0	0	0	0	0	0	0	0	0	0	0	1	0	1	0	0	0	0	0	0	1	0	0	0	1	1	0	0	0	0	0	0
17735191	0	0	0	0	0	0	0	0	0	0	0	0	0	0	0	0	0	0	1	0	0	0	1	1	0	0	0	0	0	0	0	0	1	1	0	0	0	0	0	0	0	0	0	0	0	0	0	0	0	0	0	0	0	0	0	0	0	0	0	0	0	0	0	0	0	0	0	0	1	0	0	0	0	0	0	0	0	0	0	0
17744553	1	1	1	1	1	1	1	1	1	1	1	1	1	1	1	1	1	1	1	1	0	0	0	1	1	1	0	0	1	1	1	0	1	1	0	1	0	1	0	1	0	0	0	2	0	1	0	1	1	2	0	1	0	1	0	1	0	1	0	0	0	2	1	1	0	0	0	0	0	0	1	0	0	1	0	0	0	1	0	1
17759549	0	0	0	0	0	0	0	0	0	0	0	0	0	0	0	0	0	0	0	0	0	0	0	1	0	0	0	0	0	0	0	0	0	0	0	0	0	0	0	0	0	0	0	1	0	0	0	0	0	0	0	0	0	0	0	0	0	0	0	0	0	0	0	1	0	0	0	0	0	0	0	0	0	0	0	0	0	0	0	0
17760350	0	0	0	0	0	0	0	0	0	0	0	0	0	0	0	0	0	1	1	1	0	0	1	0	1	1	0	0	1	0	2	0	0	0	0	0	0	0	0	1	0	0	0	1	0	1	0	1	0	0	1	0	0	1	0	1	0	0	0	0	0	1	1	0	0	0	0	0	0	0	0	0	0	0	0	0	0	1	0	0
17761425	0	0	0	0	0	0	0	0	0	0	0	0	0	0	0	1	0	1	1	1	0	0	1	1	1	1	0	0	1	0	2	0	0	0	0	0	1	0	0	1	0	1	0	2	0	1	0	1	0	0	1	0	0	1	0	1	0	0	0	0	0	1	1	1	0	0	0	0	0	0	0	1	0	1	0	0	0	1	0	1
17766115	0	0	0	0	0	0	0	0	0	0	0	0	0	0	0	0	0	1	0	2	0	0	1	0	0	0	0	0	1	1	1	0	0	0	0	0	1	0	0	1	0	1	0	1	0	2	0	1	1	0	1	0	0	0	0	0	0	1	0	0	0	0	1	1	0	0	1	0	0	1	0	1	0	0	0	0	0	0	0	0
17784602	0	0	0	0	0	0	0	0	0	0	0	0	0	0	0	0	0	1	0	1	0	1	0	0	1	1	0	1	0	0	0	0	0	1	0	1	1	0	0	0	0	1	0	0	1	1	1	0	0	0	0	0	0	0	0	1	1	0	0	0	0	0	1	0	0	0	0	1	0	1	1	1	1	0	1	1	0	1	0	0
17790349	1	1	1	1	1	1	1	1	1	1	1	1	1	1	1	1	0	0	1	0	0	0	1	0	0	1	0	0	0	0	0	1	0	0	1	0	0	0	0	1	0	0	1	0	0	0	0	0	0	0	0	0	0	0	0	0	0	0	0	0	1	1	1	1	0	0	2	0	0	1	0	0	0	0	0	0	1	1	1	0
17791564	1	1	1	1	1	1	1	1	1	1	1	1	1	1	1	2	0	1	2	2	1	1	1	1	2	2	2	1	0	0	2	1	2	1	2	1	1	1	1	2	2	0	1	0	2	1	1	1	0	2	2	2	0	1	0	1	2	1	1	1	1	1	2	1	0	1	2	1	2	2	2	0	2	0	1	1	1	2	2	2
17795408	0	0	0	0	0	0	0	0	0	0	0	0	0	0	0	0	1	0	1	0	0	1	0	1	1	1	0	1	0	0	1	0	1	1	0	1	1	1	1	0	0	1	1	2	0	0	0	1	1	0	0	0	0	0	0	1	2	1	0	0	0	1	0	0	0	1	1	1	1	1	2	1	2	0	0	2	0	2	1	1
17798800	1	1	1	1	1	1	1	1	1	1	1	1	1	1	1	0	1	0	0	0	1	1	0	1	1	1	1	1	0	0	1	0	1	1	0	1	1	1	0	0	0	1	0	2	0	0	0	0	0	0	0	0	0	0	0	1	2	1	0	0	0	1	0	0	0	1	1	1	1	1	2	1	2	0	0	2	0	1	1	1
17799529	0	0	0	0	0	0	0	0	0	0	0	0	0	0	0	0	0	0	0	0	0	1	0	1	1	1	1	1	0	0	0	0	0	1	0	1	1	0	0	0	0	0	0	0	0	0	0	0	0	0	0	0	0	0	0	1	2	1	0	0	0	0	0	0	0	1	1	1	0	1	2	1	2	0	0	2	0	1	1	1
17800472	0	0	0	0	0	0	0	0	0	0	0	0	0	0	0	1	0	1	1	0	0	1	0	1	2	1	1	1	0	0	0	0	0	1	0	1	1	0	0	0	0	0	0	0	1	1	1	0	1	0	0	2	0	1	0	1	2	1	0	0	0	0	1	1	0	1	1	1	0	1	2	1	2	0	1	2	1	1	1	1
17803593	0	0	0	0	0	0	0	0	0	0	0	0	0	0	0	1	0	1	1	0	0	1	0	1	2	1	1	1	0	0	0	0	0	1	0	1	1	0	0	0	0	1	0	0	1	1	1	0	1	0	0	2	0	1	0	1	2	1	0	0	0	0	1	1	0	1	1	1	0	1	2	1	2	0	1	2	1	1	1	1
17803786	0	0	0	0	0	0	0	0	0	0	0	0	0	0	0	0	0	0	0	0	0	1	0	1	1	1	1	1	0	0	0	0	0	1	0	1	1	0	0	0	0	1	0	0	0	0	0	0	0	0	0	0	0	0	0	1	2	1	0	0	0	0	0	0	0	1	1	1	0	1	1	1	2	0	0	2	0	0	1	1
17817037	0	0	0	0	0	0	0	0	0	0	0	0	0	0	0	0	0	0	0	0	0	0	0	0	0	0	0	0	0	0	0	0	0	0	0	0	0	0	0	0	0	0	0	0	0	0	0	0	0	0	0	1	1	0	0	0	0	0	0	0	0	0	0	0	0	0	0	0	0	0	0	0	0	0	0	0	0	0	0	0
17823261	2	2	2	2	2	2	2	2	2	2	2	2	2	2	2	0	0	0	0	1	0	0	0	0	0	0	0	2	0	0	0	1	0	0	0	0	0	1	2	1	0	0	0	1	0	0	0	0	2	1	1	0	1	0	1	0	0	0	0	1	0	1	0	0	0	0	1	1	0	1	0	0	0	0	0	0	0	0	1	2
17827684	1	1	1	1	1	1	1	1	1	1	1	1	1	1	1	0	0	0	1	1	2	0	0	0	2	0	0	2	0	0	2	1	0	1	1	2	2	2	1	1	0	1	1	1	2	2	0	0	1	2	1	1	1	1	2	2	0	1	2	0	0	0	2	2	1	1	1	1	1	1	1	0	0	1	1	0	0	2	2	2
17829955	1	1	1	1	1	1	1	1	1	1	1	1	1	1	1	0	0	0	1	0	0	0	0	0	0	0	0	0	0	0	0	0	0	1	0	0	0	1	1	0	0	1	0	0	1	0	1	0	0	1	0	0	0	1	0	1	0	1	0	0	0	0	0	2	0	0	0	0	0	1	0	0	0	0	0	1	0	0	0	0
17831813	1	1	1	1	1	1	1	1	1	1	1	1	1	1	1	2	1	2	1	0	1	1	1	2	0	1	1	1	2	1	1	1	1	0	0	1	1	1	1	0	0	1	0	0	0	1	1	0	2	2	1	2	1	1	0	1	0	1	1	0	0	1	2	0	1	0	1	1	1	2	1	0	1	1	1	2	1	1	2	1
17834898	0	0	0	0	0	0	0	0	0	0	0	0	0	0	0	0	0	0	0	0	1	0	0	0	0	0	0	0	0	0	0	0	0	0	0	0	0	0	0	0	0	0	0	0	0	0	0	0	0	0	0	0	0	0	0	0	0	0	0	0	0	1	0	0	0	0	0	0	0	0	0	0	0	0	0	0	0	0	0	0
17838809	0	0	0	0	0	0	0	0	0	0	0	0	0	0	0	2	1	2	1	0	1	2	1	2	0	1	1	1	2	1	1	0	1	0	1	1	2	0	1	0	0	1	0	0	0	1	0	0	2	2	1	2	1	0	0	1	0	1	0	0	0	0	2	0	1	0	1	1	1	2	0	0	0	1	2	1	2	0	2	0
17846171	1	1	1	1	1	1	1	1	1	1	1	1	1	1	1	0	0	0	1	2	0	1	1	1	1	1	1	2	0	1	0	1	1	2	1	1	1	2	1	2	2	1	2	0	1	2	1	2	1	1	2	1	2	1	2	1	2	1	1	2	2	1	0	2	1	1	1	0	0	0	2	2	1	1	1	1	1	0	0	1
17853714	0	0	0	0	0	0	0	0	0	0	0	0	0	0	0	0	0	0	0	0	1	0	0	0	0	0	0	1	0	0	0	1	1	0	0	0	1	0	1	1	0	1	0	0	0	2	0	0	1	0	1	0	0	1	0	0	0	0	0	0	0	1	0	0	0	0	0	0	0	0	0	0	0	0	0	0	0	0	0	0
17861476	1	1	1	1	1	1	1	1	1	1	1	1	1	1	1	0	1	1	1	2	1	2	1	0	2	0	1	1	0	0	0	0	0	2	0	0	0	2	1	1	2	0	1	0	1	0	2	1	0	0	1	1	1	2	2	0	0	0	2	0	2	0	1	2	1	2	1	0	0	1	1	1	2	1	1	1	1	0	1	2
17862268	1	1	1	1	1	1	1	1	1	1	1	1	1	1	1	2	1	1	1	1	2	2	1	1	1	0	1	1	1	1	0	2	1	2	2	0	2	0	0	1	0	0	0	2	2	1	1	1	2	1	2	1	2	1	1	1	1	2	2	2	1	2	1	1	2	2	1	0	2	2	1	0	1	2	0	0	1	1	1	2
17866198	1	1	1	1	1	1	1	1	1	1	1	1	1	1	1	1	1	2	1	2	2	1	0	1	1	0	2	2	0	0	1	1	2	2	2	0	2	1	2	2	1	2	2	2	2	1	1	2	2	1	2	1	1	1	1	0	1	1	1	2	2	1	2	1	1	2	1	0	1	2	1	2	2	1	1	0	1	0	2	2
17873099	1	1	1	1	1	1	1	1	1	1	1	1	1	1	1	1	1	2	1	2	1	1	0	1	1	0	1	1	0	0	1	1	2	2	2	0	2	1	2	0	1	1	2	2	1	1	0	1	2	0	2	1	1	1	0	0	0	1	0	2	0	1	2	0	1	1	2	0	0	1	0	2	1	1	1	0	1	0	1	0
17885697	1	1	1	1	1	1	1	1	1	1	1	1	1	1	1	1	1	1	0	1	1	1	0	0	1	0	1	1	0	0	1	1	1	2	2	0	1	1	2	0	1	2	2	2	0	1	1	1	2	0	2	1	2	1	0	0	0	1	0	1	0	1	2	0	0	1	2	0	0	1	0	1	1	0	1	0	0	0	1	0
17890558	1	1	1	1	1	1	1	1	1	1	1	1	1	1	1	1	2	1	0	1	2	1	0	0	1	0	2	2	0	0	1	1	1	2	2	0	1	1	2	2	1	1	2	2	2	2	1	1	2	0	2	1	1	1	1	0	0	1	1	1	2	1	2	1	0	1	2	0	1	2	1	1	2	0	1	0	1	0	2	1
17894083	1	1	1	1	1	1	1	1	1	1	1	1	1	1	1	1	1	2	1	1	1	2	2	2	2	1	1	1	1	2	1	2	0	2	2	2	1	1	1	1	1	1	0	0	1	1	2	1	1	1	0	1	2	1	2	2	1	1	1	2	2	2	2	1	1	2	2	1	2	1	0	2	1	1	1	2	2	0	1	2
17899136	0	0	0	0	0	0	0	0	0	0	0	0	0	0	0	0	0	0	0	0	1	1	0	0	1	0	1	0	0	0	0	1	0	0	0	0	0	0	0	1	0	1	0	0	1	1	0	1	0	1	0	0	1	0	1	0	0	0	1	0	2	0	0	0	0	0	0	0	0	0	0	1	1	1	0	0	1	0	0	2
17899175	0	0	0	0	0	0	0	0	0	0	0	0	0	0	0	0	0	0	0	0	1	1	0	0	1	0	1	0	0	0	0	1	0	0	0	0	0	0	0	1	0	0	0	0	1	1	0	1	0	1	0	0	0	0	1	0	0	0	1	0	2	0	0	0	0	0	0	0	0	0	0	1	1	1	0	0	1	0	0	2
17903914	0	0	0	0	0	0	0	0	0	0	0	0	0	0	0	0	0	0	0	0	0	0	0	0	0	0	0	0	0	0	0	0	0	0	0	0	0	0	0	0	0	1	0	0	0	0	0	0	0	0	2	2	2	0	0	0	0	0	0	0	0	0	0	0	0	1	0	0	0	0	0	0	0	0	0	0	0	0	0	0
17908162	0	0	0	0	0	0	0	0	0	0	0	0	0	0	0	0	1	2	0	0	1	2	2	0	2	1	1	0	0	2	1	2	0	1	2	2	2	1	0	1	0	1	0	0	0	1	1	1	0	1	2	2	2	2	2	1	1	2	1	1	2	1	1	1	2	2	1	1	2	1	1	1	2	1	0	1	2	1	1	2
17909998	0	0	0	0	0	0	0	0	0	0	0	0	0	0	0	0	1	1	0	0	1	2	2	0	2	1	1	0	0	0	0	0	0	1	2	1	1	1	0	1	0	0	0	0	0	1	1	1	0	1	0	0	0	2	2	1	1	2	1	1	2	1	1	1	2	1	1	1	2	1	1	1	1	0	0	1	2	1	2	2
17910586	1	1	1	1	1	1	1	1	1	1	1	1	1	1	1	1	1	1	2	2	0	1	0	2	0	2	0	2	2	2	1	1	1	0	0	2	1	1	0	1	1	1	0	2	1	0	1	0	1	0	2	2	1	0	1	2	2	0	1	1	0	0	1	1	1	1	0	2	1	0	1	1	1	2	2	1	0	1	0	0
17910844	1	1	1	1	1	1	1	1	1	1	1	1	1	1	1	1	1	0	2	1	0	0	0	2	0	1	0	1	1	0	0	0	1	0	0	0	0	0	0	0	0	0	0	0	0	0	0	0	0	0	2	2	1	0	0	1	0	0	0	0	0	0	0	0	0	0	0	0	0	0	1	0	0	1	0	0	0	1	0	0
17915430	0	0	0	0	0	0	0	0	0	0	0	0	0	0	0	0	0	0	0	1	0	0	0	0	0	0	0	1	1	0	0	0	0	0	0	0	0	0	0	1	1	0	0	2	1	1	0	0	1	1	0	0	0	0	0	0	1	0	1	0	0	0	1	1	0	1	0	1	0	0	0	1	0	1	2	0	0	0	0	0
17915744	0	0	0	0	0	0	0	0	0	0	0	0	0	0	0	0	0	0	0	0	0	0	0	0	0	0	0	0	0	0	0	1	0	0	0	1	0	0	0	0	0	0	0	0	0	1	0	0	0	0	0	0	0	0	0	0	0	0	0	0	0	0	0	0	0	0	0	0	0	0	0	0	0	0	0	0	0	0	0	0
17922770	0	0	0	0	0	0	0	0	0	0	0	0	0	0	0	0	0	0	0	1	0	0	0	0	0	0	0	1	1	0	0	0	0	0	0	0	0	0	0	1	1	0	0	2	1	1	0	0	1	1	0	0	0	0	0	0	1	0	1	0	0	0	1	1	0	1	0	1	0	0	0	1	0	1	2	0	0	0	0	0
17929926	0	0	0	0	0	0	0	0	0	0	0	0	0	0	0	0	0	0	0	1	0	0	0	0	0	0	0	1	1	0	0	1	0	0	0	0	1	0	0	1	1	1	0	2	1	2	0	0	1	1	2	2	2	0	0	0	1	0	1	0	0	0	1	1	0	1	0	1	0	0	0	1	0	1	2	0	0	0	0	0
17931566	0	0	0	0	0	0	0	0	0	0	0	0	0	0	0	0	0	0	0	1	0	0	0	0	0	0	0	1	1	0	0	1	0	0	0	0	1	0	0	1	1	1	0	2	1	2	0	0	1	1	2	2	2	0	0	0	1	0	1	0	0	0	1	1	0	1	0	1	0	0	0	1	0	1	2	0	0	0	0	0
17932686	2	2	2	2	2	2	2	2	2	2	2	2	2	2	2	2	1	0	2	2	1	0	0	2	0	1	1	2	2	0	1	1	2	1	0	0	1	1	2	1	2	2	1	2	2	2	1	1	2	1	2	2	2	0	0	1	1	0	1	1	0	1	1	1	0	1	2	1	0	1	1	1	0	2	2	1	0	1	0	0
17939816	2	2	2	2	2	2	2	2	2	2	2	2	2	2	2	2	0	2	2	2	1	1	2	2	1	2	1	2	2	2	2	2	2	2	2	1	1	2	2	1	2	2	2	2	2	2	2	2	2	2	2	2	2	2	1	2	2	2	2	2	0	1	2	2	1	2	2	2	1	1	2	2	1	2	2	2	1	2	1	0
17940494	0	0	0	0	0	0	0	0	0	0	0	0	0	0	0	0	0	0	0	1	0	0	0	0	0	0	0	1	1	0	0	0	0	0	0	0	0	0	0	1	1	1	0	2	1	1	0	0	1	1	0	0	0	0	0	0	1	0	1	0	0	0	0	1	0	1	0	1	0	0	0	1	0	1	1	1	0	0	0	0
17946168	0	0	0	0	0	0	0	0	0	0	0	0	0	0	0	1	0	0	0	0	0	0	2	0	1	0	0	0	0	0	0	0	0	0	0	0	0	0	0	0	0	1	0	0	0	0	0	0	0	0	2	2	2	1	0	0	0	1	1	0	0	0	0	0	0	1	0	0	0	0	1	0	0	0	0	0	0	1	1	0
17946202	0	0	0	0	0	0	0	0	0	0	0	0	0	0	0	0	0	0	0	0	0	0	0	0	0	0	0	0	0	0	0	0	0	0	0	0	0	0	0	0	0	0	0	2	0	1	0	0	1	1	0	0	0	0	0	0	0	0	0	0	0	0	0	0	0	0	1	1	0	0	0	0	0	0	0	1	0	0	0	0
17947371	0	0	0	0	0	0	0	0	0	0	0	0	0	0	0	0	0	1	0	0	0	0	0	0	0	0	0	0	0	0	0	0	0	0	0	0	0	0	0	0	0	0	0	2	0	1	0	0	1	1	0	0	0	0	0	0	0	0	0	0	0	0	0	0	0	0	1	1	0	0	0	0	0	0	1	1	0	0	0	0
17956887	0	0	0	0	0	0	0	0	0	0	0	0	0	0	0	1	0	0	2	1	1	0	2	0	1	1	0	1	1	0	0	2	1	0	0	0	0	0	1	1	0	0	0	0	1	0	2	0	0	0	0	0	0	2	0	0	1	1	1	1	0	0	1	2	1	1	0	0	1	0	2	0	1	1	0	0	0	2	1	0
17958441	0	0	0	0	0	0	0	0	0	0	0	0	0	0	0	0	0	0	2	0	0	0	1	0	1	1	0	1	1	0	0	1	1	0	0	0	0	0	1	1	0	0	0	0	1	0	2	0	0	0	2	2	1	2	0	0	1	1	1	1	0	0	1	2	1	0	0	0	1	0	2	0	1	1	0	0	0	1	1	0
17961525	2	2	2	2	2	2	2	2	2	2	2	2	2	2	2	1	2	1	0	2	0	2	1	1	2	1	2	1	1	2	2	1	1	2	2	0	2	2	1	1	2	1	2	0	1	1	0	2	1	1	0	0	0	0	2	2	1	1	1	1	2	2	1	0	1	1	2	1	1	2	0	2	1	1	1	1	2	0	1	2
17965531	1	1	1	1	1	1	1	1	1	1	1	1	1	1	1	0	0	1	0	1	0	1	1	1	0	1	1	0	1	1	2	1	1	2	2	1	1	2	1	0	2	1	2	0	1	1	0	2	0	1	0	0	0	0	1	2	0	1	0	1	0	1	1	0	0	0	1	1	0	1	0	1	0	0	0	1	1	0	0	0
17965843	2	2	2	2	2	2	2	2	2	2	2	2	2	2	2	1	0	1	2	1	1	1	2	2	1	2	1	1	2	1	2	2	2	2	2	2	1	2	2	1	2	1	2	2	2	1	2	2	2	2	2	2	2	2	1	2	1	2	1	2	0	1	2	2	1	1	1	2	1	1	2	1	1	1	0	2	1	2	1	1
17968311	0	0	0	0	0	0	0	0	0	0	0	0	0	0	0	0	0	0	2	0	1	0	0	0	0	1	0	0	1	0	0	1	1	0	0	0	0	0	1	1	0	0	0	0	1	0	2	0	0	0	0	0	0	0	0	0	1	0	0	1	0	0	1	2	1	0	0	0	1	0	0	0	1	1	0	0	0	0	0	1
17971225	0	0	0	0	0	0	0	0	0	0	0	0	0	0	0	0	0	0	2	0	1	0	0	0	0	1	0	0	1	0	0	1	1	0	0	0	1	0	1	1	0	0	0	0	1	0	2	0	0	0	0	0	0	0	0	0	1	0	0	0	0	0	1	2	0	0	0	0	1	0	0	0	1	1	0	0	0	0	0	1
17971883	0	0	0	0	0	0	0	0	0	0	0	0	0	0	0	0	1	1	0	0	0	0	0	1	0	0	0	0	0	1	0	0	0	0	0	1	0	0	0	0	0	0	0	2	0	0	0	0	2	1	1	2	2	1	0	0	0	0	0	0	0	0	0	0	0	0	1	0	1	0	0	0	0	0	1	0	0	0	1	0
17973032	1	1	1	1	1	1	1	1	1	1	1	1	1	1	1	0	0	0	0	0	0	0	0	1	0	0	0	0	0	0	0	0	0	0	0	0	0	0	0	0	0	0	0	2	0	0	0	0	2	1	1	2	2	1	0	0	0	0	0	0	0	0	0	0	0	0	1	0	0	0	0	0	0	0	0	0	0	0	0	0
17973664	1	1	1	1	1	1	1	1	1	1	1	1	1	1	1	1	1	1	2	1	2	1	0	0	1	1	1	1	1	1	0	1	1	0	0	1	2	0	1	2	0	1	0	2	2	1	2	0	2	1	1	2	2	1	1	0	2	0	1	1	2	1	1	2	1	1	1	0	2	1	0	1	2	2	2	0	1	1	1	2
17977024	2	2	2	2	2	2	2	2	2	2	2	2	2	2	2	1	0	2	2	1	1	1	2	2	1	2	1	1	2	1	2	2	2	2	2	2	1	2	2	1	2	2	2	2	2	1	2	2	2	2	2	2	2	2	1	2	1	2	1	2	0	1	2	2	1	1	2	2	1	1	2	1	1	1	1	2	1	2	1	1
17986811	1	1	1	1	1	1	1	1	1	1	1	1	1	1	1	0	0	0	0	1	2	0	1	1	0	0	1	0	0	1	2	2	0	1	1	0	0	0	0	0	2	1	1	1	1	1	0	1	0	0	0	1	0	0	1	1	0	1	0	0	0	0	0	0	0	0	1	0	0	0	0	0	1	1	0	0	0	0	0	1
17988394	1	1	1	1	1	1	1	1	1	1	1	1	1	1	1	1	1	1	2	2	2	1	2	1	1	2	1	1	2	1	2	2	2	2	1	2	0	1	1	1	2	1	2	1	2	2	2	2	0	0	1	2	0	1	2	2	2	1	1	2	0	2	0	2	1	2	1	2	2	1	2	1	1	1	1	2	1	2	2	1
17990852	0	0	0	0	0	0	0	0	0	0	0	0	0	0	0	0	0	0	0	0	1	0	0	1	0	0	1	0	0	0	0	0	0	0	0	0	0	2	0	0	0	0	1	0	2	1	0	1	1	1	0	2	1	0	0	0	0	0	0	0	0	0	0	0	0	0	0	0	0	0	0	1	0	1	0	0	0	0	0	1
17992131	2	2	2	2	2	2	2	2	2	2	2	2	2	2	2	2	2	2	1	1	1	1	2	1	2	1	1	2	1	1	1	2	2	1	2	1	0	0	2	0	1	2	0	2	0	0	0	1	1	1	2	0	0	2	2	1	2	2	2	1	1	1	0	1	2	2	2	0	2	2	1	1	2	0	2	1	2	1	2	1
17992437	0	0	0	0	0	0	0	0	0	0	0	0	0	0	0	0	0	0	0	0	0	0	0	0	0	0	0	0	0	0	0	0	0	0	0	0	0	0	0	0	1	0	0	0	0	0	0	0	0	0	0	0	0	0	0	0	0	0	0	0	0	0	0	0	0	0	0	0	0	0	0	0	0	0	0	0	0	0	0	0
17994585	2	2	2	2	2	2	2	2	2	2	2	2	2	2	2	2	2	2	1	2	2	2	2	2	2	2	2	2	1	1	1	2	1	1	2	2	1	2	2	0	2	2	1	2	2	2	1	2	2	2	2	2	2	1	1	2	2	2	2	1	1	2	1	1	2	2	2	1	2	2	1	2	1	2	2	0	2	2	2	2
17999158	2	2	2	2	2	2	2	2	2	2	2	2	2	2	2	1	2	1	1	1	1	1	0	1	2	1	1	2	1	1	1	2	0	1	2	1	0	0	2	0	0	1	0	2	0	0	0	1	1	0	0	0	0	1	1	1	2	2	2	1	1	0	0	1	2	2	2	0	2	1	0	1	1	0	1	0	2	1	2	1
18001375	2	2	2	2	2	2	2	2	2	2	2	2	2	2	2	2	2	2	1	2	1	2	2	1	2	2	1	2	1	2	1	2	1	1	2	2	1	0	2	1	1	2	0	2	0	1	1	1	1	1	2	0	1	2	1	2	2	2	2	1	1	2	2	1	2	2	2	1	2	2	2	1	2	1	2	1	2	1	2	1
18002892	0	0	0	0	0	0	0	0	0	0	0	0	0	0	0	0	0	0	0	0	0	0	0	0	0	0	0	0	0	1	0	0	0	0	0	0	0	0	0	1	0	0	0	0	0	0	0	0	0	0	0	0	0	1	0	0	0	0	0	0	0	0	1	0	0	0	0	0	0	0	1	0	1	0	0	1	0	0	0	0
18009909	2	2	2	2	2	2	2	2	2	2	2	2	2	2	2	2	2	2	2	1	2	1	0	2	2	1	2	2	2	1	2	2	1	2	2	1	2	1	2	1	1	2	2	2	2	2	2	2	2	1	0	2	1	1	2	1	2	2	2	2	2	0	0	2	2	2	2	1	2	2	0	2	1	2	1	1	2	2	2	2
18010706	0	0	0	0	0	0	0	0	0	0	0	0	0	0	0	0	0	0	0	0	1	0	0	1	0	0	1	0	0	0	0	0	1	0	0	0	0	1	0	0	0	1	1	0	0	1	1	2	1	1	0	2	1	0	0	0	0	0	0	0	0	0	0	0	1	0	0	0	0	1	0	1	0	1	0	0	0	1	0	1
18010945	0	0	0	0	0	0	0	0	0	0	0	0	0	0	0	0	0	0	1	0	0	0	0	0	0	0	0	0	1	0	1	0	0	1	0	0	2	0	0	1	1	0	1	0	1	0	1	0	0	0	0	0	0	0	1	0	0	0	0	1	1	0	0	1	0	0	0	1	0	0	0	0	0	1	0	1	0	0	0	0
18011380	2	2	2	2	2	2	2	2	2	2	2	2	2	2	2	2	2	2	2	1	2	1	0	2	2	1	2	2	2	1	2	2	1	2	2	1	2	1	2	1	1	2	2	2	2	2	2	2	2	2	0	2	2	2	2	1	2	2	2	2	2	0	0	2	2	2	2	1	2	2	0	2	1	2	1	1	2	2	2	2
18013723	0	0	0	0	0	0	0	0	0	0	0	0	0	0	0	0	0	0	0	0	1	0	0	1	0	0	1	0	0	0	0	0	1	0	0	0	0	0	0	0	0	0	1	0	1	1	0	1	1	1	0	2	1	0	0	0	0	0	0	0	0	0	0	0	1	0	0	0	0	0	0	1	0	1	0	0	0	0	0	1
18016508	2	2	2	2	2	2	2	2	2	2	2	2	2	2	2	2	2	1	1	1	1	1	0	1	2	1	1	2	1	1	1	2	0	1	2	1	0	0	2	0	0	1	0	2	0	1	0	0	1	0	0	0	0	1	1	1	2	2	2	1	1	0	0	1	1	2	2	0	2	1	0	1	1	0	1	0	2	2	2	1
18018604	0	0	0	0	0	0	0	0	0	0	0	0	0	0	0	0	0	0	0	0	1	0	0	1	0	0	1	0	0	0	0	0	1	0	0	0	0	1	0	0	0	0	1	0	1	1	0	1	1	1	0	2	1	0	0	0	0	0	0	0	0	0	0	0	1	0	0	0	0	0	0	1	0	1	0	0	0	0	0	1
18018940	0	0	0	0	0	0	0	0	0	0	0	0	0	0	0	0	0	0	1	0	0	0	0	0	0	0	0	0	1	0	1	0	0	1	0	0	1	0	0	1	0	0	1	0	1	0	1	0	0	0	0	0	0	0	1	0	0	0	0	1	1	0	0	1	0	0	0	1	0	0	0	0	0	0	0	1	0	0	0	0
18021604	0	0	0	0	0	0	0	0	0	0	0	0	0	0	0	0	0	0	1	0	0	0	0	0	0	0	0	0	1	0	1	0	0	1	0	0	1	0	0	1	0	0	1	0	1	0	1	0	0	0	0	0	0	0	1	0	0	0	0	1	1	0	0	1	0	0	0	1	0	0	0	0	0	1	0	1	0	0	0	0
18021760	0	0	0	0	0	0	0	0	0	0	0	0	0	0	0	0	0	1	1	0	0	0	0	0	0	0	0	0	1	0	1	0	0	1	0	0	2	0	0	1	1	1	1	0	1	0	2	1	0	0	0	0	0	0	1	0	0	0	0	1	1	0	0	1	0	0	0	1	0	1	0	0	0	1	0	1	0	0	0	0
18031544	2	2	2	2	2	2	2	2	2	2	2	2	2	2	2	2	2	2	2	2	1	2	2	1	1	2	1	2	2	2	2	2	1	2	2	2	2	1	2	2	2	2	1	2	1	1	2	1	1	1	2	0	1	1	2	2	2	2	2	2	2	2	1	2	1	2	2	2	2	2	2	1	1	1	2	1	2	2	2	1
18033199	1	1	1	1	1	1	1	1	1	1	1	1	1	1	1	0	0	1	2	1	1	0	2	1	0	0	1	0	1	0	0	0	1	1	0	0	1	2	0	1	1	1	2	1	1	1	2	2	0	2	2	1	1	0	0	1	0	0	0	1	1	1	0	1	1	0	1	1	0	2	1	1	0	1	1	0	0	1	0	2
18036388	0	0	0	0	0	0	0	0	0	0	0	0	0	0	0	1	0	1	1	0	0	0	1	0	0	0	1	0	0	0	0	0	1	0	0	1	1	2	0	0	2	1	1	1	0	0	1	0	0	1	2	0	0	0	0	1	0	0	0	0	0	1	0	0	0	0	0	0	0	1	1	0	0	1	1	0	0	0	0	0
18036431	1	1	1	1	1	1	1	1	1	1	1	1	1	1	1	1	0	2	2	1	0	0	1	0	0	0	1	1	1	1	0	0	1	1	0	2	1	2	1	1	2	1	2	1	1	0	2	0	0	2	2	0	0	0	0	1	0	0	0	2	1	1	1	1	0	0	1	1	0	1	1	0	0	1	1	0	0	0	1	1
18038786	1	1	1	1	1	1	1	1	1	1	1	1	1	1	1	1	0	1	2	0	0	0	1	0	0	0	1	0	1	0	0	0	1	1	0	2	1	2	0	1	2	1	2	1	1	0	2	0	0	2	2	0	0	0	0	1	0	0	0	2	1	1	1	1	0	0	1	1	0	1	1	0	0	1	1	0	0	0	0	1
18038910	1	1	1	1	1	1	1	1	1	1	1	1	1	1	1	0	0	0	1	0	0	0	0	0	0	0	0	0	1	0	0	0	0	1	0	1	0	0	0	1	0	0	1	0	1	0	1	0	0	1	0	0	0	0	0	0	0	0	0	2	1	0	1	1	0	0	1	1	0	0	0	0	0	0	0	0	0	0	0	1
18047028	1	1	1	1	1	1	1	1	1	1	1	1	1	1	1	1	1	1	2	2	2	2	1	1	2	1	1	1	1	1	2	1	2	1	0	2	1	1	1	1	1	2	1	2	0	1	1	1	1	1	0	2	1	2	1	1	0	1	0	2	2	2	2	1	1	1	2	2	2	2	1	1	0	1	1	1	1	1	2	2
18047231	1	1	1	1	1	1	1	1	1	1	1	1	1	1	1	0	0	0	1	0	0	1	0	0	0	0	0	0	1	0	0	0	1	1	0	2	0	0	0	1	1	0	1	0	0	0	1	0	0	1	0	0	0	0	0	0	0	0	0	2	1	0	1	1	0	0	1	1	0	0	0	0	0	0	0	0	1	0	0	1
18049681	1	1	1	1	1	1	1	1	1	1	1	1	1	1	1	1	1	1	2	2	2	2	1	1	2	1	1	1	1	1	2	1	2	1	0	2	1	1	1	1	1	2	1	2	1	1	1	1	1	1	0	2	1	2	1	1	0	1	0	2	2	2	2	1	1	1	2	2	2	2	1	1	0	1	1	1	1	1	2	2
18053496	2	2	2	2	2	2	2	2	2	2	2	2	2	2	2	1	1	1	2	1	2	2	1	1	2	2	1	1	1	1	2	1	2	1	0	2	1	2	1	1	1	2	1	2	1	0	2	1	1	1	1	2	1	2	1	1	1	1	0	2	2	2	1	0	1	1	2	2	2	2	1	1	0	1	1	1	2	1	2	2
18055605	1	1	1	1	1	1	1	1	1	1	1	1	1	1	1	0	0	0	0	0	0	0	0	0	0	0	0	1	0	0	1	0	1	1	0	0	0	0	0	0	0	0	0	0	0	0	1	0	0	1	0	1	0	0	0	0	0	0	0	2	0	0	2	0	0	0	1	1	0	0	0	0	1	0	1	0	0	0	0	1
18061337	0	0	0	0	0	0	0	0	0	0	0	0	0	0	0	1	2	2	1	2	2	2	1	2	2	2	2	1	2	2	1	2	0	1	2	0	1	1	2	2	1	0	1	1	2	1	0	2	1	1	0	1	0	2	1	2	0	2	2	0	2	2	0	1	2	2	1	1	1	2	1	2	1	1	0	2	1	2	2	0
18068785	1	1	1	1	1	1	1	1	1	1	1	1	1	1	1	0	0	0	0	0	0	0	0	0	0	0	0	1	0	0	2	0	0	1	0	1	1	0	0	0	2	1	0	0	0	0	1	0	0	1	0	0	0	0	0	0	0	0	0	2	0	0	2	0	0	0	0	1	1	0	0	0	0	0	0	0	0	0	0	1
18076546	2	2	2	2	2	2	2	2	2	2	2	2	2	2	2	0	0	0	0	0	0	0	0	0	0	0	0	1	0	0	2	0	0	1	0	1	1	1	0	0	2	1	0	0	0	1	1	0	0	1	1	0	0	0	1	0	1	0	1	2	0	0	2	0	0	0	0	1	0	0	1	0	0	0	1	0	0	0	0	1
18079518	1	1	1	1	1	1	1	1	1	1	1	1	1	1	1	0	0	0	0	0	0	0	0	0	0	0	0	0	0	0	0	0	0	0	0	0	0	1	0	0	0	0	0	0	0	1	1	0	0	0	1	0	0	0	1	0	1	0	1	0	0	0	0	0	0	0	0	0	0	1	1	0	0	1	1	0	0	0	0	0
18081156	0	0	0	0	0	0	0	0	0	0	0	0	0	0	0	0	0	0	0	0	0	0	0	0	0	0	0	1	0	0	2	0	1	1	0	1	0	0	0	0	1	1	0	0	0	0	2	0	0	1	0	0	0	0	0	0	0	0	1	2	0	0	1	0	0	0	0	1	1	0	1	0	0	0	0	0	0	0	0	1
18083591	0	0	0	0	0	0	0	0	0	0	0	0	0	0	0	0	0	1	0	0	2	0	0	0	1	1	0	1	0	1	0	0	0	0	0	1	0	0	1	0	0	0	0	0	1	0	0	0	0	0	0	0	0	1	1	1	0	0	1	0	1	1	0	0	0	0	0	1	0	0	0	1	0	0	0	0	0	1	1	0
18088903	2	2	2	2	2	2	2	2	2	2	2	2	2	2	2	0	2	0	0	0	0	1	0	0	0	0	0	1	0	1	2	1	0	1	1	0	0	1	1	1	2	1	0	0	0	0	1	0	0	1	1	0	0	0	1	0	1	0	0	2	1	0	2	0	0	1	0	1	0	0	2	0	0	1	1	0	1	0	0	1
18094106	0	0	0	0	0	0	0	0	0	0	0	0	0	0	0	0	0	0	0	0	0	0	0	0	0	0	0	0	0	0	0	0	0	0	0	0	1	0	0	0	0	0	0	0	0	0	0	0	0	0	0	0	0	0	0	0	0	0	0	0	0	0	0	0	0	0	0	0	0	0	0	0	0	0	0	0	0	0	0	0
18094292	2	2	2	2	2	2	2	2	2	2	2	2	2	2	2	0	2	0	0	0	0	1	0	0	0	0	0	1	0	1	2	1	0	1	1	0	0	1	1	1	2	1	0	0	0	0	1	0	0	1	1	0	0	0	1	0	1	0	0	2	1	0	2	0	0	1	0	1	0	0	2	0	0	1	1	0	1	0	0	1
18096378	1	1	1	1	1	1	1	1	1	1	1	1	1	1	1	0	0	0	0	0	0	0	0	0	0	0	0	1	0	0	1	0	0	1	0	0	0	0	0	0	2	0	0	0	0	0	1	0	0	1	0	0	0	0	0	0	0	0	0	2	0	0	2	0	0	0	0	1	0	0	0	0	0	0	0	0	0	0	0	0
